319
1578
8947
8022
9226
9192
7329
263
9850
6394
8537
9527
8689
1669
2868
4798
3818
1936
5418
9027
4068
2581
8445
1765
9782
789
1471
6477
8179
7242
236
1996
8618
678
2375
2634
6388
4250
9401
1684
8646
988
5233
6048
4069
681
3292
4613
8549
4070
4127
3998
7948
4090
940
1759
9573
7045
2964
5456
9922
3408
6039
7915
2492
9142
3369
1376
8742
1929
2993
4933
6985
977
9367
4410
6544
398
6822
9210
3222
7066
7293
6292
6772
682
7643
9953
9087
9809
2462
6989
1555
1944
2496
1141
5039
6962
4386
4759
8192
5154
2275
3188
3206
713
4147
7345
8793
8456
213
4693
7313
8473
8367
7406
2112
2792
1840
7771
3082
771
2652
9002
4774
2282
3556
6998
5619
7674
5945
3635
6035
9467
3603
4382
6346
7107
7632
2949
6626
1881
8000
720
3417
4727
2564
3311
7744
8588
6475
6100
9823
6817
1585
9119
5593
6018
9518
7145
1371
8500
9359
5471
6622
9232
1323
9494
5806
6722
545
6940
4336
3287
9814
327
4584
3015
4060
2945
7501
9353
1511
7090
110
2231
8828
991
7320
389
7235
497
7016
4128
1061
9321
8534
8722
2469
553
6881
9043
191
5911
3130
1966
1920
7434
1150
4309
2339
6765
4027
7704
2900
8618
4762
4653
8794
1169
8273
3130
8693
3232
2319
9833
1830
7323
2277
8454
8863
10
9758
5079
6510
8785
368
9247
8645
9411
616
3071
9815
2271
3420
8638
7228
4963
7066
1332
7225
1119
3826
6711
4136
4981
7828
2720
5428
49
5232
77
4646
5668
1586
5578
5742
7150
74
9230
771
7659
7509
1881
9681
5386
5722
1025
1547
700
9016
2323
8717
8122
6644
4975
4529
8789
7387
9055
8723
6900
7311
5554
54
5377
2471
3783
46
9693
8035
2872
6425
3895
1690
8270
798
8436
3867
7208
8540
1782
4096
6922
1942
2682
6509
1584
1012
9723
2122
4364
6622
2097
6635
5155
6489
9094
6065
3368
1936
1473
9645
7480
9634
5145
7499
1533
3025
1421
2559
7211
4221
5564
323
8656
7063
8644
7009
8906
3194
4956
177
874
988
6086
3029
4525
4209
4482
7515
4867
6934
679
3426
1906
3128
7856
1018
7851
6652
3909
6182
6359
6256
3863
3597
7846
5590
16
6425
2596
7294
4662
3821
6512
7622
2696
4749
7229
1914
3768
2780
1273
8402
815
5696
7803
5040
8613
499
8022
7192
3998
802
2187
2821
6180
311
8818
8357
2918
4070
8538
3038
4331
2702
8935
9789
5398
5575
4670
2630
253
6526
889
1998
4263
2771
8789
692
98
3046
4154
2883
2184
3333
5225
3569
973
5316
8230
7687
7855
6838
5880
6045
6951
9922
1385
8480
7991
5486
7057
5623
3646
2816
7841
8695
8805
7092
6219
7455
2561
2054
2379
4165
8313
692
3315
3563
5403
7854
4916
8786
9129
8198
3271
4019
5375
7616
2863
5207
2068
8839
1820
6368
3230
2186
4107
9774
2006
3677
4347
3941
3689
3636
3805
2853
85
4328
9952
6416
706
8035
2162
7850
4279
8511
889
6173
1562
3690
3872
2540
6251
9858
434
7830
2969
3393
311
9798
5257
3064
3881
4386
4184
3074
3196
5801
4336
9789
4891
2078
2527
1726
5428
5283
6834
8934
8588
2699
4705
8987
633
3764
5233
2958
914
8043
1792
3189
5527
4346
5931
6635
4760
8289
3808
9456
9307
1250
3424
7334
5854
6830
65
1877
5800
5406
4252
817
6318
2812
3125
4282
7873
2065
1330
220
7783
8213
8822
7258
3008
9365
7203
9069
5834
7886
3285
4672
9866
6328
2735
1345
2262
9429
7496
3224
4788
1191
9766
5483
54
5260
3696
4209
2258
1103
527
9155
5810
6837
7822
9098
3593
6434
8057
5234
2493
2744
2255
5186
6459
5543
3118
3828
6167
2160
4001
6464
211
3265
5672
2690
6223
2992
7274
6524
5904
8575
6936
7661
117
1755
6645
2025
8735
9750
5412
9806
1144
9915
1369
730
1394
5555
572
3939
897
783
7795
4301
3407
3713
7059
9813
7481
5612
6785
7227
80
6962
7459
773
3803
2397
5264
1602
1697
6930
4393
2975
6740
3627
8888
1369
6862
8793
5083
833
4615
1013
5155
7403
6217
8293
6256
9987
9436
1363
4101
7099
2905
2378
7643
2890
9816
5258
8961
4102
5270
8718
2068
1004
2379
3355
5050
5379
7404
6279
6522
9209
2104
2746
9298
1044
5645
4308
8415
8177
127
3827
7895
2262
2355
7051
5734
5682
4702
4499
372
367
5051
9708
4476
9250
2569
9824
7749
4336
5855
5969
3402
1542
4234
6340
249
733
1309
1713
8973
2343
2310
3826
4730
7097
953
7601
1437
963
7170
5905
1110
129
8282
3506
967
7911
3520
8458
2298
1072
5817
900
7688
5167
6599
179
2183
6700
7464
1523
1563
6332
6768
9439
1830
9885
5462
5769
6789
5954
3462
3274
9658
360
7709
453
2847
4550
6761
9162
2226
5010
4959
4280
7372
5413
380
6022
3053
6733
9722
961
2833
6365
673
3290
9779
1235
9285
2592
7282
6987
7537
7967
6294
1612
6156
7846
3286
2723
1815
8969
8665
7978
1576
1475
6936
4997
5679
3933
1946
626
562
783
3202
189
8846
781
1528
1056
2608
1957
4275
5724
8728
8282
386
4026
3860
6894
8163
4240
8764
1235
4096
8589
3261
4012
4512
2177
7247
7287
1412
3068
6886
7925
5600
3927
9547
3959
3498
7035
6666
5979
6059
7536
9871
1000
3038
5302
5017
2081
720
7975
6392
2643
4200
2707
7430
865
6294
3574
9946
4932
9951
2912
1482
5595
4721
1838
4259
5927
8919
4112
4675
9621
1210
1986
4659
466
4797
8245
3512
6980
2464
4937
8618
6036
3398
3006
3203
4919
8477
817
7177
3227
3530
6470
6676
8463
325
1431
3586
7455
7042
4118
2176
6385
5137
2630
1288
6511
4739
3279
6774
9278
2005
7203
402
715
9785
182
7354
310
4497
5121
6116
8532
5731
7783
5825
634
9588
7043
3422
8921
5729
5135
5416
6286
2517
6938
869
2488
3666
780
4372
6633
8797
5796
172
5136
2515
7630
1724
5272
8814
4933
3921
7863
9144
8871
7084
7347
9339
9965
2551
1872
9264
6983
779
6396
5365
6278
2909
7402
9478
7927
5507
8978
1864
345
6411
6962
5255
6400
3108
2724
4683
6222
65
3520
279
5187
9015
3822
1562
2227
7039
8607
2201
7530
4324
2722
4539
7300
3981
3718
5097
6279
4765
577
3797
8412
437
2769
6421
8066
3800
8683
6311
1598
6169
2186
9671
8257
8241
8081
8678
5459
7242
2481
382
7641
740
6905
6354
532
1101
3238
9816
5003
1970
1459
43
645
6190
1295
418
6896
8328
8376
8589
1216
837
5396
569
1954
8625
6982
8230
1987
6637
7264
507
1671
2279
1277
9032
6486
8134
8960
3986
9418
3723
6204
3508
7014
7021
1339
4915
5992
114
9234
4329
9454
5556
8002
612
997
3865
5082
8112
7703
1744
1530
2942
8781
738
609
1769
8634
1205
1045
5179
4605
7526
5951
6104
131
3259
6699
5964
186
8244
9844
4484
6009
1282
9628
1776
2040
5576
5301
205
1627
2316
6085
8482
3492
5312
8481
9914
6229
9025
8059
2889
1547
9748
1924
2802
7481
9929
4587
8870
8026
2741
2655
8611
3720
4784
9491
2382
7616
7273
6939
7017
6295
6916
1010
1807
1266
1466
4126
5671
426
1311
8679
9828
4574
4682
3359
3320
8682
5266
3193
4349
6203
8838
3613
2411
811
7312
2607
9149
641
8111
3768
754
7640
5008
5878
3084
6958
4715
7705
5495
1110
3538
1714
2739
7231
2366
2344
7294
2826
4047
8116
6345
2089
6052
3274
8102
9962
5685
8460
1963
7151
5620
9164
4676
2780
9652
6455
2166
8840
6529
3755
1801
466
8114
7819
9556
8684
3215
5966
6150
3562
4300
7398
6199
5562
9620
5063
141
7315
7540
7299
4866
2042
5752
9063
8590
9903
9525
9978
1700
579
770
4147
5926
2769
4819
4701
8093
1746
4192
4915
6802
901
4487
798
7732
8881
5921
3312
5490
9766
3636
1765
8845
5257
8512
8636
4062
9150
987
9687
3681
727
6581
8998
1725
65
2495
5998
3435
6176
7378
672
2059
1661
6190
3551
3607
8058
2686
9339
2653
1448
6496
6476
2235
4382
9431
3780
6309
8866
9552
5452
8838
3369
4583
1159
8797
6320
4701
9755
3892
5326
2258
4414
7238
2813
837
1377
5308
7713
9481
4760
1848
8214
2141
3859
425
5609
4870
4225
8712
1448
9051
4947
9440
9015
8283
8409
6202
616
2403
2243
7273
8491
3169
9065
4337
1773
9841
3176
7518
6074
4593
9920
2867
3828
4097
5108
3106
478
2573
3013
6593
8188
2594
8175
5945
498
1594
8555
1841
5124
1721
1167
4207
8060
7395
1651
3646
9342
2434
9561
9761
1949
2478
2317
733
2538
1137
7507
2774
4320
2459
7010
2785
3889
513
8536
3887
3495
3147
6251
261
9640
8675
4845
4099
1150
8020
9996
4911
3623
251
9108
899
5156
1226
6359
2875
9376
3139
9181
2837
1128
2706
781
3559
9361
5230
1986
7875
5787
7144
9032
7283
6521
7993
3140
8249
4055
9913
1191
8693
2904
682
3009
9853
8656
6025
4388
4785
120
8031
2547
4731
2299
9086
4803
2762
2846
8554
6656
4580
7360
6259
5968
4417
8563
7768
3482
2079
2137
6023
4275
4153
7082
6241
9228
8981
4609
2394
9991
7245
8444
2697
2658
6445
8583
9815
3782
1759
1683
8804
8391
7049
1623
207
2725
4633
370
6552
330
1479
8274
5869
4674
4504
7455
8652
5687
6282
5823
5721
8378
6248
7519
6256
6760
1691
516
957
8999
5686
1990
2315
5461
3115
9230
9520
1216
7977
463
9815
4860
4820
229
974
3586
1982
2903
2179
6298
9218
6963
735
4107
7518
861
3691
5585
3678
2113
4666
8803
9157
7914
9328
8163
5579
8927
7247
9682
3923
497
7397
6233
273
1831
1683
4470
5832
5662
6788
6596
9593
8702
4469
4427
1944
9176
9439
7671
1640
1873
2229
6255
637
6609
5614
1051
7026
9802
1916
4766
9085
7475
8045
8627
4660
4544
7686
4650
4962
3659
950
6625
3283
5430
6269
8032
8739
7734
6171
176
6968
2862
9895
3108
8766
4872
1751
8043
4727
3731
1354
1526
7365
5000
8095
3520
296
845
2672
1023
7111
8374
3480
3888
3811
4222
1403
9650
550
4788
2907
4158
7370
3482
9723
7578
2030
1416
7523
4681
2459
9744
7343
326
5914
2129
7611
4743
1220
7484
1815
8570
6394
2575
8625
2676
7843
8565
4220
1684
5320
4898
1744
9264
5910
588
8779
5782
22
7983
6282
3667
9689
2289
4628
6187
6014
9064
241
1319
6459
6293
8015
4161
7912
3339
7088
2909
5786
529
7815
3350
9357
6707
657
5774
2022
2404
7321
1875
8644
7172
6998
4485
666
5538
8920
8624
9510
3801
5978
4441
4406
1074
584
9556
2332
4306
8417
2249
5777
4950
2932
1056
7858
9385
5624
2794
9261
8614
4915
8705
1580
1097
8221
9607
6342
2648
701
2931
1101
7883
5102
9411
7826
6016
9914
6623
6200
9776
7211
8352
8128
1822
2532
2566
8606
366
8365
8348
1141
9217
3122
6424
2149
262
3399
3670
1126
6685
2298
4968
6562
1800
2976
5005
9510
7233
598
5068
4550
8592
9275
6606
3502
6630
7962
7653
9255
2688
5756
9809
8293
4409
5358
662
7324
487
9448
2882
3121
6408
4883
3454
8713
9136
2538
2470
78
2523
4981
8151
4898
3909
8244
5860
262
4835
9301
9912
3880
1400
1251
4712
3694
2355
5416
2550
844
10
7871
6883
3183
9401
6523
9459
2111
9799
3784
9839
3795
3818
3317
7041
8041
8856
4064
9934
948
3480
8695
7812
2985
4761
414
9105
6506
6889
7605
1125
6340
6330
2726
7192
5276
2064
4424
5292
8848
7601
9805
7051
6308
3540
2189
2160
3254
6136
4794
6850
481
3110
9487
500
7325
7547
7266
1588
6914
1206
4496
9487
5446
5539
3094
9265
877
7435
1477
4530
3078
8004
6546
3886
1063
5040
2881
9974
1924
7775
1283
6883
9554
8103
8149
1277
6933
3217
8271
2978
3024
3651
1027
9647
1201
9366
6523
5210
3394
3627
4607
5161
1777
9399
2792
6349
2212
1970
9400
3020
3592
7283
9630
1255
3253
2772
7277
5504
3180
8923
7392
8027
6940
2881
1110
171
3373
8390
852
1656
5001
497
5848
7576
2380
7466
2567
5702
9200
9258
3220
4806
9636
8205
9962
7188
2778
4414
9997
2043
8187
131
5995
5767
4564
820
4573
1904
2453
4315
7087
5947
9955
1519
9565
7202
8670
13
8457
5573
4485
6657
4283
2324
1664
4924
3080
1254
1861
1320
3434
3442
5804
1877
912
1825
2440
1757
2641
7424
9102
5392
1753
5060
7656
2758
9450
6038
761
3552
7643
7603
1597
8613
913
6440
5012
9298
4465
3494
1819
6315
7827
299
4593
6984
1066
951
4076
3936
5688
8079
785
7560
200
333
9535
5335
8023
8849
5384
4816
711
8306
3059
7351
6418
8777
1410
6034
6616
6157
739
7606
246
1617
245
8716
3523
4367
5890
4994
5053
8216
3795
3912
7059
4993
1670
5635
9006
2528
6404
939
1662
9447
9525
3216
6508
6141
4146
6493
7036
4896
3260
9886
7684
4372
6112
9125
5641
9623
705
2461
7538
5970
5306
7917
4597
8476
2828
4590
4628
5200
567
4483
3215
9592
226
1829
2721
9767
7633
4653
5260
9921
6929
2379
7489
578
7947
1886
6949
1359
6975
5254
1885
5394
2195
4647
1907
4509
6658
7892
8216
7207
6724
4889
7217
8168
9339
6267
1978
4400
8435
2791
9065
6881
784
4671
3415
2119
8517
6591
7229
6740
4333
68
8294
2778
3628
9902
1913
3740
6170
6026
9077
7571
3976
9456
8483
4975
7829
9414
392
388
8905
3772
3897
1364
7095
9024
60
5177
1664
5092
9945
2169
6268
1782
6995
4084
4369
7525
9146
4519
2993
7110
2874
1219
9977
482
9395
6079
3196
2988
845
1831
5435
3410
5408
5704
1641
8258
6382
2276
3595
623
8142
3554
4917
9247
5320
8752
2418
280
9937
6034
2617
1729
6877
5826
2017
5644
6574
1455
3242
6199
1903
9364
6907
4818
5793
109
1222
4131
7608
5479
7535
3993
8019
3163
9216
7525
8173
5797
2044
1529
6350
2222
4289
5948
9294
6994
753
2717
1674
2125
5752
5634
4601
2692
2551
52
9040
7421
3806
7078
9180
6380
8460
8703
3774
5785
6381
2025
4074
3394
2288
756
8886
6668
3533
5948
5075
9619
9009
3562
4384
7027
8011
5998
271
6991
3377
6320
6199
3311
5985
4458
4505
1927
76
8371
3399
7127
4037
6718
1112
8353
3044
7314
2865
5265
1646
1838
6498
487
591
7937
8822
8863
4816
2763
6159
9628
3306
8250
796
6907
3139
1563
1692
30
4678
2231
2076
1297
9546
6605
6177
5385
146
2967
6159
2971
9393
8347
8767
656
744
4136
9218
991
4055
2898
5201
2501
5392
1124
8697
8188
4965
4388
7696
2057
6706
9452
9709
1441
9067
4969
3856
7957
6508
3973
7732
838
8324
8473
6143
5464
5085
1156
881
6224
3327
4915
8423
8520
4107
5726
2873
6281
6610
5721
4760
1311
8366
2284
2630
1637
331
7840
6661
7591
210
5135
6725
7182
8504
9746
9185
8431
8932
5420
9910
4278
843
7281
9707
5640
2228
1746
570
1089
9211
4516
5217
4057
8692
13
5992
995
8379
3729
7626
7170
4421
2888
6833
5466
6368
3413
8667
1025
7833
1659
9092
9540
998
6843
268
6727
8391
6425
8672
5874
7096
2448
1286
5359
9082
5330
7783
6803
8100
455
4860
5639
6513
5391
1429
7194
2616
4130
147
7639
9964
9535
7341
636
3629
5586
9100
7634
2730
3461
3269
4627
9505
8545
9381
5126
2477
3656
5172
5932
3472
3177
6506
1268
1790
5763
8433
6237
4628
5118
7684
2632
8203
7977
4114
21
2623
3355
7718
1323
9474
1238
5797
8362
6868
4114
3711
468
8811
2630
225
696
4136
7722
9364
216
8700
8286
9305
2515
5341
2503
7654
5557
2420
5092
5785
2624
7577
1191
6610
5595
6303
6513
6128
6365
5009
230
9535
2602
9177
3465
2998
1094
8281
9503
7822
9677
5528
1925
2436
1223
566
9288
1927
4817
7023
243
1098
6803
5061
7980
5307
1531
3034
5869
851
7664
1860
3103
7984
7300
8478
3501
9876
308
6472
7505
2924
7841
1473
6757
8865
2619
3332
4133
5700
1482
6135
2636
6323
9206
380
8205
9633
7833
6853
1734
1447
4914
6025
540
1105
3360
2233
2425
2364
3593
8879
3107
9102
3629
7837
4512
7795
1658
8746
4954
600
4423
1281
1475
9305
1912
4177
1475
863
5488
9640
3428
9978
2890
529
6042
9360
6345
4077
5079
3351
437
7181
5176
7768
1385
9886
6092
1935
5041
9926
5072
5610
1450
4214
3532
6181
1610
7645
970
6309
2662
2413
8888
1776
4791
4540
8914
9355
903
1977
4838
1213
1716
4413
2130
1779
4346
9575
4519
9975
408
7507
3035
3537
2049
1312
7090
2676
5749
7585
8266
753
1493
2402
6479
6460
7841
8467
68
1748
2150
3609
8486
7779
2479
6069
2304
5306
3622
1058
5911
4469
5982
6342
7671
1431
4371
8372
1452
1645
3700
8507
2635
8955
4530
4455
8093
2400
9608
8467
939
1307
2311
5917
8204
9627
6438
5566
7154
4626
8878
5447
9493
9001
3170
4294
9141
8755
5469
6090
4075
5839
8540
4614
8538
2610
3090
7882
253
120
8084
4662
6746
11
938
5658
361
353
662
3779
106
3088
5252
1906
4005
3866
9081
350
2844
6185
1580
2248
1807
6141
3094
7811
8137
8846
794
4945
4022
7591
9204
9052
7911
2489
500
3486
9007
5947
7287
3347
2651
455
9004
248
743
8293
2468
1335
4051
7650
5308
3354
8924
8716
2457
2220
5084
4949
4115
9846
8847
1380
145
2367
9458
9145
459
6118
903
684
3534
524
6283
8805
8576
5246
1867
3570
4263
5847
4159
7959
6676
5343
1123
2044
1658
9682
1916
2038
9909
123
6578
7221
7552
9665
9584
2863
3162
2036
3952
9564
424
5518
9160
2714
9993
8110
5724
7682
8068
2038
3087
829
2608
8919
9854
2336
5774
5699
6341
7082
2788
1244
1058
7665
6897
7014
6784
5959
5900
8032
9411
7293
6684
5536
4984
1365
4089
4704
611
9611
6028
714
6585
989
6750
6502
3692
9715
6212
9429
5894
9759
4103
4114
502
3317
6196
4941
5778
9821
8200
9970
4943
4731
6650
4365
7721
2912
2127
1507
5341
6727
9006
6183
9504
9550
8833
9348
5360
9164
2413
9644
6296
8936
3841
8148
9697
2678
476
7594
8975
6477
5632
6831
6165
3489
3935
4220
1037
9571
7751
2468
2047
1873
5154
7075
2036
8379
3892
8944
5062
1607
5596
2232
5429
1261
7052
3211
6428
5504
154
3943
1996
2890
3547
2720
5749
7749
5806
2523
6110
5197
2500
4621
8357
5155
1073
4050
4430
7482
9612
2076
6827
2047
4825
2241
8939
699
573
735
7237
6114
9480
6892
1
1660
8707
6748
8625
900
1144
6411
9689
1546
3779
4396
9514
5496
5020
7902
8131
9625
1569
6258
4641
9310
3307
3816
4016
7957
6717
1776
4279
4199
2303
2673
8418
6141
3521
2889
1225
5627
5441
6825
6630
8925
1052
6832
9848
1370
3765
9358
1104
5174
6246
136
1927
3331
922
4397
1568
8069
9064
9469
9205
3423
1657
4446
8627
9315
1641
6162
3397
215
6977
6378
9633
257
5247
9160
7389
5273
9070
2453
4562
9095
2351
926
3961
2557
5318
9012
3857
7346
4120
1584
5421
8285
8642
2964
7124
4086
7053
3626
1204
975
331
7437
3775
6289
2675
4367
2522
2607
6696
1073
4728
8671
7404
6634
9098
5875
842
7853
503
8174
3981
5656
4422
6487
4933
1476
2476
6320
3901
1421
6843
5279
86
8064
5647
7682
9419
9573
1182
2049
3198
6969
1375
8361
7542
257
7308
8761
1012
5755
874
3745
7425
2574
4228
4691
9422
6579
2048
4918
3354
2733
2966
3016
2011
892
6570
840
7954
7286
9203
6600
6767
6274
7111
8537
2554
6452
9934
2589
3498
8304
7954
3248
3328
2989
4366
1180
9188
3033
5245
7597
269
5205
2674
693
3569
2397
9315
199
2846
4800
6079
4165
6371
1757
5447
1326
6714
509
617
2826
952
4869
1657
6742
3203
1574
7993
8053
8199
1060
5503
9637
7449
952
3561
3110
4158
5350
8905
5327
7029
8907
3078
7715
7073
2393
8464
6051
5768
360
7572
7700
8269
4569
6854
6302
4430
8603
1801
8950
2871
2080
4332
1783
3096
8711
5325
917
1535
9247
3391
7161
4785
1579
1935
9494
7172
5887
5507
6958
6595
8693
2027
146
9446
2269
2096
632
391
8813
1733
9927
2603
9737
9247
3706
1515
6758
1464
4735
1313
5769
2745
7395
7822
4595
222
5658
498
7160
4246
5091
4711
7825
4877
8030
5443
126
748
6101
581
4547
7970
7231
8625
1776
5216
2463
7888
4280
9095
956
6316
8667
2691
6694
4393
752
6491
388
4442
6996
5976
5492
2369
5244
4051
1788
8401
7993
5354
4258
121
3205
6219
2964
5650
3314
8422
4091
12
4052
3341
5618
2032
8068
1895
8924
2281
6475
3397
6138
6329
2097
4791
6600
9752
479
3912
8205
4887
8183
4826
3075
7104
9788
8759
1889
5226
3560
2818
8208
9591
547
7799
1340
5730
1445
6240
9720
6631
7256
8448
5282
5440
4583
2078
7095
1130
8670
8627
4452
435
5564
8029
4959
6132
27
1932
5702
5262
9244
6928
3858
3495
1967
1403
7096
481
3334
4847
9138
6445
3297
4212
4656
3557
4364
2352
6761
1050
4240
8942
8652
8350
48
8917
2681
7784
1447
291
74
9817
6104
1980
165
5262
7738
975
3116
8596
8837
149
9190
6413
8707
3611
7753
3742
8454
1190
7822
8199
1269
2057
7761
6589
2682
896
6098
8866
3603
2123
8429
9804
4258
5692
8945
8172
8934
1261
8341
2117
1873
4921
696
7198
7517
3156
3462
7711
861
1887
1348
228
6905
3666
9460
5608
4412
7510
4743
9995
3768
1956
1045
598
2879
7530
3863
4805
5209
1316
8205
5419
8415
633
8071
9780
8921
3924
9004
2859
2559
252
9915
4827
5444
4011
9295
2906
1159
3493
9800
43
549
9503
1887
3160
8817
9634
4841
4165
6120
7686
4236
1054
52
221
6291
8000
5828
5314
4832
5420
864
8702
2477
2193
545
6533
7239
752
3948
2669
3407
708
8014
499
1269
8952
5370
5875
8805
9127
2231
9355
9090
2722
3152
1310
4018
9140
4188
3561
3663
4489
9318
6100
2123
5557
9333
4107
73
879
2615
2010
3437
9414
600
9666
5182
8315
5242
8331
262
1770
7716
728
9426
624
9561
5804
2461
4740
7360
9365
9298
4982
6604
3707
450
6148
2412
6022
1828
4222
3178
1617
7755
6817
8250
8561
2852
2955
3886
6794
1283
3908
5845
4623
8279
9516
9315
508
3370
508
1938
34
5048
3327
7194
719
765
575
25
7691
3514
550
7403
1374
1172
3592
6087
7694
175
7873
4231
6049
5187
4855
8941
5598
5390
4192
210
4992
2121
3889
6098
5404
4246
5791
928
1955
1348
6222
7703
469
1514
116
5293
4679
7028
2607
4929
1030
3141
6660
8221
9625
9571
6060
237
6928
8010
2945
9051
2605
9869
8716
5477
9060
6819
5767
9823
1100
889
4774
9801
52
3440
4663
6390
8683
4946
7900
9805
8630
5770
2725
241
3428
4886
3751
3852
698
9675
1410
5567
2832
9702
6399
3359
9825
1913
5530
6279
4523
3113
6494
9922
4416
9404
7121
483
3065
9440
8536
7456
6497
5296
777
5328
9481
6369
2594
3367
8972
5473
3669
3177
954
6709
4144
6343
2092
5919
6795
8330
9261
4300
7449
7310
9088
8325
1101
1723
5051
7913
5166
8441
4605
3410
3383
3137
4798
1995
1721
7960
5270
9092
8276
1970
7517
192
1899
1483
8316
403
2797
5501
5266
7160
6057
3254
1929
6936
6128
6550
6797
427
202
4869
8506
7412
247
8180
948
46
3196
6260
9018
6816
2046
9126
338
8187
1143
604
163
3595
7148
5040
2477
2190
2129
9589
8945
9024
4925
44
6703
6393
141
5637
502
6666
5826
9696
138
1884
2726
4550
5511
108
1991
1972
5777
8614
1761
7177
1655
1176
6600
2002
4786
9168
6030
2403
3639
8648
2970
7502
32
4302
7439
9655
681
413
9661
6281
5456
5788
5307
7513
407
8989
9082
6125
837
9587
1723
3252
7062
283
1857
4755
977
2100
2713
394
6228
8162
5315
744
5557
7974
4999
5002
400
9324
6135
7822
6543
9241
7559
7855
628
9159
8124
1744
3123
924
8274
1404
5104
8437
5751
4844
8135
7179
3364
9977
8425
6974
2321
8380
3931
2921
7292
7400
6629
7724
3884
9617
5126
1490
9426
8258
1272
935
8213
4321
3841
9601
3429
4273
1742
2799
3879
7009
2950
9246
8442
6116
7656
6765
176
1863
3457
5000
3991
4619
1124
868
8668
6781
9808
1057
2033
1389
6580
7343
4379
2208
6591
2148
3254
1289
9458
6737
1337
9414
813
9640
5707
1821
3669
5018
6281
3114
2481
5577
9047
3484
7606
6241
8701
2184
1915
9789
2724
5952
6230
2973
2810
4863
2806
9155
2461
9661
7292
912
6043
2220
1462
4649
8221
9650
9967
2252
5180
576
1142
1770
6954
5172
3894
9137
1304
9231
2347
8123
4682
8278
9049
5263
9712
2621
6359
386
9594
267
6730
7084
2389
2101
2311
3805
1942
6649
3613
9051
4430
8291
5227
9061
3301
7291
7213
3853
6929
3238
3926
819
4151
3177
8146
2995
6372
1612
975
2645
2325
8660
5338
496
8766
3977
7039
1578
4806
6308
7897
61
1226
1518
9526
710
1257
7419
2336
2686
9236
4352
1883
5370
865
8091
78
8659
9686
9101
6814
5709
3052
2155
9085
3570
6692
1734
4869
1777
8106
1370
2425
3980
8071
9879
7468
7066
6212
4376
1825
1804
7036
4450
2307
4858
5580
7445
2644
9560
4997
9434
9202
8423
1802
6443
975
859
1380
1113
1506
7602
5275
5661
6089
2829
6927
8922
9332
6709
6013
8802
6647
5815
4581
6654
6803
2588
7173
6685
2537
7817
4523
5669
335
5046
2434
1232
1151
6310
6781
4967
5778
7822
8309
4815
2780
8741
375
6818
745
365
428
9757
3774
291
8994
9718
6547
3533
1496
6868
1638
4850
5968
157
4854
3465
5369
5924
8665
8262
9741
8360
2265
246
4276
2536
7934
5220
7546
5127
7641
7272
7259
9719
1577
9134
7763
8054
9490
2763
1220
7020
5518
2358
2208
1043
1628
8318
6403
4439
9397
5975
7156
8121
5853
6085
3283
329
7988
5496
9989
7784
8630
4751
4034
526
7140
5194
9574
952
155
3356
1670
3909
6857
431
8734
8465
8027
8344
2723
9660
8774
3162
4863
3919
8642
8212
335
1972
8620
8633
982
2014
5669
7628
8065
4363
7497
4020
3003
3693
2480
8999
6074
2306
3460
4451
3771
2870
1314
4140
9978
1321
9356
902
5281
4730
9530
2795
1999
695
4810
6640
413
4624
4687
4927
6561
6106
6695
5325
8798
4678
4334
8156
2954
917
2127
2693
9717
3035
4759
6627
6152
4235
1158
6908
7738
9431
1932
3395
7124
9091
9619
1679
4301
1944
4480
8396
7642
5450
843
9139
7307
9850
6300
4576
3977
8359
6845
1862
1996
1460
5303
5410
6460
9104
3865
5422
7899
8416
2782
9423
8001
1711
4041
9084
1577
2414
8638
2895
9437
9829
4736
8668
2545
5454
3307
7780
8613
2299
5376
2949
8746
5863
6379
2711
4089
5792
8306
8131
3582
1315
981
2938
5382
3028
199
2671
7571
9376
4559
6619
4036
3977
5396
5353
3833
1924
856
6603
5604
5146
2174
1077
713
8729
8806
2500
4527
1652
2117
2130
886
9243
4992
4166
4844
9637
4810
40
6667
9508
499
2152
4291
3892
8948
2551
6322
2527
1232
7053
9451
5882
4918
2103
3960
3184
1171
237
6025
7447
2560
1252
8576
4643
7224
6952
5473
5668
9213
3421
8830
172
3483
8250
8447
6552
1923
4968
935
2530
9120
9246
3126
6720
9868
8110
7966
9597
3496
8216
3499
7307
6928
8436
4977
7603
8403
8314
9908
1158
1827
541
7921
833
8549
5450
9619
6998
1251
4643
8755
2246
8866
2940
8013
7813
9566
9444
5258
74
2209
7461
2993
8865
9751
5290
7885
4125
1405
4602
6342
4473
8761
5777
1679
8961
4677
4936
7258
9449
1922
6945
9012
5608
4271
8783
3458
6247
4912
4005
1236
6029
3252
9181
5609
7964
1852
3243
1587
3976
6075
6443
9804
2581
833
6514
5889
8703
1664
8996
5520
6607
8795
6209
6155
1121
956
138
6216
3420
7881
4650
4037
891
9495
2039
6649
9935
2981
6884
9246
3305
5188
638
6544
9378
8449
7996
2190
1958
1576
4636
9419
1539
4889
9859
2125
1798
7610
8412
9904
9468
7441
5859
9404
1298
5106
367
6382
4219
2061
841
8739
8048
1446
4260
5434
8734
3306
3406
450
3408
549
2227
4021
6208
1056
47
662
8365
9932
5650
8279
7942
6170
2752
7251
2648
9148
6465
5721
1049
6514
633
2415
5087
6261
8731
9252
3245
1010
2803
2813
9369
7183
6211
6975
4576
5487
3931
7987
824
8606
7298
9718
4533
4440
2972
5973
3147
5197
4015
5738
2629
3175
9443
132
4956
6089
8379
8225
8382
7672
2709
9435
7884
3006
688
3586
8644
6826
1498
1499
4291
2508
8331
4
8856
343
1018
5791
3557
5589
6460
2124
5460
4088
2327
9517
458
4333
2859
9213
5837
3370
9788
2452
3379
2226
8466
7513
466
3270
1732
9895
612
9659
4019
6878
2907
1586
872
1859
7588
9639
4255
1293
5378
7344
5434
6476
8969
8922
1281
4248
3985
1349
4936
3882
7472
7012
6125
6503
7595
1063
3318
366
7968
5197
2976
3947
7970
8202
812
9129
724
3069
9196
4143
5801
5540
3347
6580
2721
3620
1522
9884
6944
8175
8917
1654
524
6978
6912
1603
7099
7309
8743
8971
4762
7672
7122
2273
5431
7142
7194
15
2129
204
679
3595
5488
1440
1052
6687
7657
328
4310
2752
9378
5721
9216
513
600
280
2198
696
9020
5232
4313
1189
7086
3681
8973
7465
3289
7016
2022
5565
3281
9955
8975
6519
5154
6709
5536
8611
3907
4966
9177
8419
1148
5788
5263
8839
4875
7145
3913
5268
6963
8241
9926
5949
7656
5741
900
2920
7850
9151
6072
9792
6280
4254
9373
1774
3040
6032
2696
4472
1626
6892
1725
9595
8662
5048
3550
729
412
7012
1706
586
5160
6533
7352
8259
5847
810
4916
7360
29
1142
1154
5246
4943
5966
2965
436
4816
407
2723
6938
7607
7988
5003
1257
9710
8236
3714
2836
4719
1702
5949
4459
5290
3513
9816
9982
1964
3722
5964
1221
2647
5770
9702
9369
3369
7316
9961
2655
9203
2999
6044
353
8794
128
5145
872
1999
4404
4343
616
8675
1146
3030
3117
4210
4352
6373
8210
5917
1107
4079
1187
2075
4324
2848
9791
7893
3891
2370
7748
3548
2269
6566
735
6560
8595
1674
1355
598
6549
7435
4241
1949
9005
2039
1334
2375
830
3832
7031
3178
2444
9590
7101
4902
1486
3911
194
8378
5725
2659
3165
4736
3233
1190
9155
7697
2405
8950
3638
3853
9434
3260
6570
9523
1882
2895
5102
7601
5999
6672
1991
2765
398
9623
4184
6400
7855
997
8251
2249
9211
6738
3967
5676
6157
3404
9630
7170
5635
7314
9626
8886
6031
7289
7307
1870
497
7308
5454
8243
5837
6731
9196
4771
8634
6407
6830
2967
3327
1924
2512
7100
6486
9921
3026
4483
4111
357
8889
7472
476
8895
2037
2512
439
3591
2448
1552
6152
7739
270
8936
1702
8065
5552
5202
7533
7870
6014
7616
735
3342
9254
5313
8448
5371
6423
3028
8275
1775
9628
7099
2430
2730
3746
7713
9081
9811
3345
9084
4488
8813
4437
5221
310
5891
2331
6534
1114
8207
1487
2500
9317
660
2016
3832
1766
1007
7010
340
9785
201
4117
1162
6528
5337
7235
4200
2690
835
2241
9456
5776
1908
4613
9640
8878
327
4875
7197
480
445
9463
196
12
6955
4424
4125
9886
6852
1282
278
9402
7021
7113
3802
1228
3400
5762
7418
9961
4307
4607
283
1723
497
905
1946
1683
7214
6725
1028
1645
9342
8765
9809
8421
3903
6255
7111
8789
25
2089
7873
7376
3626
8261
21
1609
4409
6889
1279
3082
9739
7233
2433
2107
6976
6119
4526
7931
7229
8767
5551
1132
8179
7572
3917
1981
1444
7461
5908
9304
8286
8414
9580
9966
2152
5782
8487
6869
5702
6629
696
5968
1598
2744
6571
3917
3592
7459
9011
5481
2230
6238
8925
9412
4399
3283
7227
11
9094
8445
7989
4219
5905
675
8028
4243
290
5185
8691
3584
6167
8463
5051
3559
8365
1383
9270
939
7678
7398
7630
8243
2862
5349
8628
5590
8491
2326
1315
868
769
3589
9347
4285
9211
503
4083
3731
9818
6074
5404
1047
6402
148
4538
3603
7
6177
5008
6065
9864
5225
7679
7141
7341
7837
8549
4764
2789
4503
8894
4999
8389
4073
548
3914
9718
1501
3185
7250
5760
6285
716
5567
8586
2993
2099
6688
6643
1673
4390
9730
4916
6200
4800
8191
121
3644
7602
7406
9685
8518
1466
319
7087
228
8670
2316
4489
1398
5466
9325
207
3913
990
5872
6191
149
2062
6710
4895
7092
5464
5941
4533
9643
5684
5721
6797
3486
444
8213
9115
9058
5963
423
9093
7142
9638
8803
7962
5266
2783
2037
9382
4468
4189
9889
8420
7911
7398
441
4276
5063
2010
884
1855
8706
3739
3286
9975
4321
737
6974
5639
3839
9382
113
2883
5285
558
9109
3110
2094
8038
7985
5295
8172
5890
9784
5332
5205
4275
5176
4792
1426
5488
9951
4639
8278
662
5077
2591
4958
5831
7615
6420
7116
400
8893
8573
908
3397
4230
4199
9895
919
2144
7245
839
7593
9270
3496
6755
3584
5185
3870
6677
7901
7257
9893
4212
4148
9742
4891
5182
3557
110
9794
5832
4677
1939
8315
2840
2553
1422
8748
3927
6520
4127
2264
7372
7230
6225
5799
6956
475
9195
3465
6930
7475
6554
7910
5628
986
6397
6547
8933
7651
5959
3381
9783
3576
563
3270
7215
6728
2058
4944
4946
4527
8439
9026
5155
3954
7412
8838
3978
5110
6156
8542
4955
238
6333
649
1789
1382
1425
4747
4732
3618
9432
5471
5581
8331
4252
6869
1128
8798
5295
1047
2464
3640
2087
9428
9653
531
2793
6921
232
5058
7829
3333
6650
7388
1804
453
5763
1668
9558
163
1770
3237
2910
3794
4458
6762
5347
3460
9603
8804
4280
4204
8751
3145
3098
5037
2288
7175
4179
5938
3073
3862
6225
7244
5642
4235
1662
5157
2693
5883
1543
4338
3340
8499
7091
4358
7957
4855
5302
5849
8796
9850
2387
153
624
173
8331
9170
7962
3379
3756
8405
756
4585
5071
4553
1801
6471
1582
3480
5283
2330
3234
9085
7168
5781
3981
752
3314
639
3649
6166
7277
4119
6324
525
6536
5920
4653
6141
9776
9035
7448
6102
8107
7808
9294
3003
7706
2391
2682
6598
2611
7087
9784
904
9360
1100
3102
9014
4924
9839
1680
195
3939
2041
9414
2177
8385
4194
3713
7698
3861
8467
3342
3163
6933
8257
6057
261
6447
2552
303
4376
6231
2997
1837
9696
1376
4890
8928
9383
9942
987
8693
427
8919
5641
109
2178
8674
3665
4373
4912
7514
9208
5911
1874
3807
2146
468
1460
577
2286
4812
8415
5971
1193
709
4520
3514
3408
4758
480
4974
5889
8794
1080
5029
837
2534
3480
9563
7980
5134
7693
920
4849
3380
6502
5272
5480
4832
3823
7100
6080
4972
8337
4676
1322
6106
8370
7842
9110
4897
6975
6475
4647
4002
9221
822
5126
3591
8155
1375
5232
8757
9659
8522
2571
5973
7928
6405
477
9144
9218
7213
8427
3872
2518
6394
5853
533
7252
2307
8954
8235
943
379
7299
2638
4627
9594
8816
3411
291
3564
3548
4555
2916
9238
3190
4210
2272
9910
5795
5899
1969
2418
3096
6144
8893
8520
3347
9172
4771
1743
5015
4556
3445
5764
6600
6026
5045
7516
306
8306
9590
8069
4086
2984
6707
5856
7997
8499
9627
2437
563
2913
9943
6821
7837
5757
1666
352
6849
495
4047
559
3169
3508
9517
4529
978
1782
6401
269
1221
5006
6755
2147
4991
4281
4011
5967
5762
3325
6763
6705
9306
6833
7524
2170
5827
4360
6482
5178
3266
7751
3030
7269
4162
2082
5584
1419
5130
4544
6706
3808
5194
1314
6011
7689
2209
1998
4562
5349
5330
2038
1717
4858
5665
1445
78
671
9990
5965
5606
7864
9358
7780
1033
2356
3204
8586
6022
3519
20
8574
3999
5127
2140
2505
2875
2890
3290
6376
6315
541
5276
3588
5212
5599
8920
9798
4184
609
9167
8942
2289
4314
2889
1030
8648
5675
6312
6193
3006
6684
9582
6118
5169
2844
4049
3083
2543
1175
5094
2398
5082
4104
3077
8112
6812
6325
6104
3711
7929
5473
2746
1775
6912
6188
1461
3376
5673
5858
1003
3433
6596
9889
2077
6460
2342
2215
7595
5727
8458
4563
1496
434
7046
6637
3366
5401
7986
5552
5230
6026
8109
3545
5196
4082
3181
8772
2721
1636
8071
5908
425
1252
4774
1334
6402
3160
6787
5674
800
6689
5202
1365
8979
620
6380
2545
7654
8517
6140
8959
5619
5546
4828
3884
368
8048
2860
1945
383
3031
6854
6580
7821
1077
2953
3755
4852
3005
4607
9150
2606
5979
9577
8802
921
7634
9900
2534
4609
924
5735
6858
555
6204
3044
6744
1851
5704
7259
1484
6196
4631
7119
4487
4696
9028
7959
6328
1291
3678
3494
5132
7667
7694
9685
9962
6047
4480
4129
7798
5696
7829
5192
4820
7819
491
4660
9189
5414
7048
608
5828
3837
1744
8715
7044
3735
1649
7139
3162
2658
7358
4937
7032
9603
9490
24
2440
5138
6397
6072
363
8631
6479
3096
4827
6350
8956
8374
7660
1846
7278
5220
9820
8812
1521
7768
9583
4317
6778
8404
9482
9788
3246
2546
6484
4964
2696
8030
4190
3181
568
436
6959
7481
118
7221
250
8999
9196
9559
4993
2957
6925
2413
5408
6829
1981
2550
3157
2623
6026
3609
9309
6928
4441
6789
1936
9122
2746
1474
9400
7760
448
7328
4124
3623
9495
2060
1642
5211
6719
5354
5537
7047
7484
3657
339
1124
108
8669
2220
6826
9620
5551
7554
6728
468
9915
778
650
9378
5503
5614
6820
8019
3332
4481
7372
6371
7221
6352
4951
3220
7396
5357
6967
8727
2096
977
7852
5246
7137
1335
6179
9037
653
9993
4348
5479
2877
3205
7024
2883
4301
6947
6624
7856
7513
9185
4642
7793
3538
5151
4070
2485
9070
1038
265
3839
703
8790
8823
7080
1555
7823
3948
218
5781
8403
2184
1673
2952
1515
1257
3980
62
7452
9233
1137
2769
3603
2037
6480
5261
7652
1756
9894
611
6568
9830
1064
9111
5554
6922
5326
5960
9110
9621
9621
7574
5354
3872
2304
6539
4218
9948
1665
2514
8787
8199
9222
4187
307
8311
4260
933
8099
4899
3203
4815
9586
5459
1073
6802
1306
6114
2916
4157
8943
4276
9993
7805
8170
8789
9903
6493
9718
5561
4662
8869
422
636
9075
6085
1388
3899
735
6096
5982
5947
6485
6623
1066
1893
2914
4113
781
4187
3462
5252
2754
1859
2361
3508
9564
5944
8249
5639
96
1364
6968
5965
5030
5165
5407
9300
3635
7694
6157
4186
8968
3216
8750
5859
8933
6105
9389
3893
5964
3768
8211
541
1979
1536
9407
7464
8450
3114
988
4657
5304
6806
97
848
3046
6794
9830
8128
4676
9924
5029
8182
6286
6778
7107
8829
7547
5485
4102
3665
1303
4681
9023
1649
8283
2393
6791
7732
9435
7770
4192
9156
1157
5188
5793
5826
5878
2902
4453
8159
1831
9427
4270
1339
5833
9286
1168
8492
443
8947
111
6754
2680
5037
9931
9556
777
273
4731
9060
9459
1239
445
7193
6738
5402
6105
6435
2276
2544
2257
1697
7884
7659
6404
8424
5385
8273
8317
6802
8045
5570
8963
7759
3694
6849
2233
8543
9197
9390
3246
8204
380
1148
7809
72
2455
1845
6440
7788
913
3510
2925
3564
2447
2386
1441
6091
6534
6288
7070
7101
4646
7558
3562
7663
7137
327
281
1218
6087
8729
7028
2652
5782
8866
8883
392
5037
4661
7344
1290
3415
8232
4524
3812
1757
4387
700
7246
6768
2530
4442
8884
510
7676
4487
3615
6259
8563
3719
6033
994
6469
6585
7930
587
5694
9330
910
7739
5462
4948
7160
733
7536
3521
2126
5230
3776
3357
8803
715
5222
791
119
1644
6816
6447
4095
3064
755
5017
3685
4354
2953
9249
8143
5246
4403
7700
4790
1170
9643
8101
8260
8576
8428
3951
9370
5140
6700
2582
5116
4921
8506
6642
5541
457
727
4080
9333
4540
8347
3456
9489
5350
9327
1379
4445
2659
1488
8964
9738
6339
872
889
6353
312
5638
230
9673
956
1216
4026
2191
5682
7649
5348
2720
7703
5093
85
8008
8626
9151
6491
3190
9154
7920
4151
5198
769
8691
6438
4496
7938
1009
6251
666
634
1757
9958
2436
8626
628
2935
9853
9388
9471
3235
8514
8095
9797
1089
9658
7450
3572
6466
9138
6104
706
6486
1258
2272
7207
1919
7379
9805
7161
2463
8751
2593
3771
5828
9726
6959
7
8076
7006
6114
7845
4778
5085
2374
847
2733
9595
6157
7270
4703
4120
9161
1801
5443
5781
8517
1989
449
9041
2134
2671
5970
2288
9010
4304
3036
8382
5456
7196
5289
2173
4473
8798
1409
958
7617
3942
52
5
236
7408
8117
2293
5419
4652
4189
2503
3025
3329
9664
3163
2049
6779
1264
4986
4408
498
6414
3973
5695
1315
2937
899
9698
1472
1938
5060
2999
6298
8112
4369
5523
3584
1966
3834
5084
5211
2639
8763
7678
2182
488
759
8685
2339
5492
3324
6640
3237
7668
7105
314
1826
7564
5686
2346
4475
2870
3683
2581
2506
9548
7566
9172
7016
2621
6620
3614
4899
2415
9443
143
4679
5256
5974
8980
189
7148
5163
78
6861
9738
6086
5430
4575
6832
5903
4388
4361
5143
2357
6490
8652
280
8668
6019
8209
3218
3048
3065
7515
8739
7265
600
9859
4171
9922
857
7653
7302
7468
4658
6768
2326
299
6661
3589
8465
9829
5047
4963
1675
3129
6487
6837
5799
5851
5888
686
5332
9624
9731
193
5183
518
1830
7635
6622
9815
3807
8152
9920
1874
7569
4892
1620
9493
7062
1503
9044
7599
7570
1333
7849
5236
9914
1939
7607
3722
1762
4392
5103
7854
3445
7463
8880
2463
5485
4453
4478
1330
4403
1057
4482
4850
3011
3840
614
2828
8873
8121
2132
1329
6286
7013
3824
1921
5821
6977
6453
5110
7225
9081
3161
4234
8161
115
7440
2204
5554
2971
1911
7612
989
184
6956
5775
8490
7360
7054
3031
1074
2590
2913
6979
5460
745
9878
9734
9132
6880
1950
8684
79
4039
7892
5057
6022
5683
236
5799
1452
526
7573
9706
2842
2037
8039
7555
2185
6407
210
7377
9938
6126
5230
5411
8745
8695
5949
4501
7346
4311
1945
9690
1782
1434
5263
9532
4899
1710
7398
2686
8243
3675
2236
2602
3816
3056
8004
6811
6099
7191
6979
1160
684
1352
7776
565
1275
6222
6018
4589
9420
8447
2988
6384
9819
9418
8263
4955
4049
7453
9027
9284
8727
2517
8672
3133
4404
5314
3203
6961
6147
2079
8905
7363
1140
2301
6480
5144
4862
4602
2756
6593
7787
613
2276
147
8544
9099
5934
7504
7752
8488
4510
9086
9001
8500
9368
6769
8884
8454
557
7366
1395
797
3685
4134
8288
5510
3618
4370
2340
793
3589
6292
2683
7301
3874
2196
4968
1990
280
4542
8950
3316
6749
8468
3987
3757
1009
662
5619
6816
6462
4863
6276
7171
3288
7919
2675
3304
1232
5545
3893
4128
5401
4072
3184
6013
6530
8209
1687
1092
2725
679
3102
8342
5478
4197
459
4409
6875
5774
2305
5975
5495
6349
2369
5262
6890
6955
3032
8123
3955
6713
2224
6086
9313
3947
6612
7677
7562
4755
4035
4041
9518
5295
3867
9560
4367
644
6185
3958
2339
6795
7357
9834
8425
888
3514
2085
2822
1065
8216
1690
2316
755
1641
1747
8279
2552
8705
3654
4671
8037
3958
74
4292
5930
1531
2017
477
2879
3100
6200
889
9379
1017
7573
5091
3395
5803
2899
5567
2354
9384
4486
9657
9270
7284
1635
769
4903
1610
9175
5948
8817
7256
7114
3899
5539
6117
7496
7964
8347
6021
5556
6719
7826
1295
9964
4129
651
7501
961
3743
3105
2192
1526
1159
3806
6462
3098
7138
919
7456
4198
5457
9501
2369
2260
5359
362
3579
8071
9938
1324
8724
9312
8171
6187
3607
4810
7000
4767
6850
5459
6891
3027
9860
8912
1054
4859
1222
5437
1557
1098
2409
317
5764
9641
7262
2915
679
7504
6928
6878
6057
8891
1357
6148
2763
972
6146
2339
5177
7638
9423
5303
4767
5
9460
7195
9602
8524
7891
9912
3177
7852
3277
7159
7629
6644
9076
9234
7107
8118
925
3831
4553
1822
3878
1645
3927
4971
4938
3331
6876
4646
232
8193
8672
7106
789
3718
3439
544
727
8351
9973
3527
1014
3031
6135
3000
4407
5091
3191
17
4987
1437
3268
3166
2258
7877
2251
4895
6482
1817
9893
3489
1933
7444
2185
621
1755
8182
8418
4880
3528
9522
6951
934
4794
2568
5759
4263
2139
3827
4498
3817
7168
3384
6487
3326
4691
9655
7038
9785
8334
6215
9798
7714
9399
9944
4239
8993
4043
9665
7734
2864
217
7450
4600
230
3160
4054
8408
3883
8895
874
8139
1257
7762
8238
9946
6761
286
9184
2776
1779
5582
3485
715
4866
6816
756
1487
4473
3241
7247
6098
1445
7721
5296
3386
235
9507
9995
912
6275
337
8812
8188
9253
5375
6431
8593
1662
2714
6849
3377
6937
181
6488
8843
5396
9510
406
9876
1603
6497
7083
2354
8329
3606
7439
3795
6929
7113
4275
8894
3266
9008
7312
9528
7898
9932
3017
3546
2481
133
1294
5805
3605
2742
2223
2852
3432
4328
9151
1223
2038
5413
4360
7285
1089
3785
3174
6916
4217
7347
2995
6111
2690
4664
9158
5933
2790
4097
9686
4697
2726
1500
3250
5056
1331
2202
8443
3346
7905
885
4055
753
8141
8310
8355
91
1981
7453
5546
9531
76
1976
1480
3596
3289
1538
3109
5756
1550
1957
1301
8616
6092
7109
9012
3592
169
2774
9183
7016
642
2508
759
3765
9249
6044
7179
5971
6662
8238
3373
4120
4163
880
3589
3673
1537
6421
1282
3374
4523
7103
5860
3869
4384
1278
7888
240
2291
7180
1113
1480
1724
3785
6816
6170
8391
6499
1590
3531
3174
5877
4075
5580
223
9743
9856
2805
9842
8565
3231
7368
9952
8423
1893
9990
1661
3172
7603
8315
6503
5287
2609
491
5600
8177
3725
1793
3907
9958
2657
136
3036
5328
507
5779
6257
7098
8683
8655
5518
295
5781
8516
6618
8845
4096
6632
6216
3630
786
847
1916
4830
9000
3030
464
9141
261
9189
8539
8965
2087
4798
7944
5639
2574
9896
5467
311
4778
8073
8056
3769
2940
4714
1266
8417
6323
1273
5383
1524
3387
8743
1308
3834
1810
9983
6052
706
6829
9292
4847
3049
7730
5118
9598
2555
512
3420
2713
4154
7897
8742
9672
4987
520
2288
2108
4616
4560
8570
6040
8084
565
4381
1078
6673
2884
5613
2988
2092
1301
427
6077
9171
3600
7686
8810
3639
7835
7474
3300
79
7884
3832
9394
9199
5505
3921
7197
7203
549
1935
927
8500
1165
5775
1434
6790
1947
4926
3880
4682
2510
3073
9047
9210
642
5642
3181
4105
5013
9016
2744
7958
5707
1255
5489
4486
6919
2171
8701
7536
7110
8100
5233
7190
9625
3158
3386
3308
2497
4844
7061
5574
7510
7563
7490
7828
6794
8946
1076
9075
9129
8927
5702
4642
5542
8333
8156
5020
7041
8205
3292
2256
7522
5666
9952
8433
8877
1247
9280
3218
3228
6813
8861
4000
3853
8852
7848
6160
8392
1387
2658
2212
425
1238
2514
7663
2277
9955
8678
2798
7866
9715
5896
6897
9137
218
2627
6582
5977
4983
2085
3940
7695
3469
7632
3746
3191
9335
8067
2918
1716
2369
7673
53
5053
1048
9178
6050
2265
6028
1563
9528
5905
9606
9856
6501
6555
5377
4074
731
2251
547
265
9336
8737
9511
9733
2325
797
4155
5542
6372
8599
76
805
5265
8380
6702
3140
4711
2561
1735
4125
9185
9398
6830
7926
5903
4161
2709
5854
7390
9007
1512
7184
6999
4698
5466
8904
6091
1624
1463
7671
4748
5330
9050
2857
1756
1052
7862
6492
3526
6716
2202
5161
8725
1717
8876
2874
5460
3788
2369
6346
9649
1162
1935
3222
4064
4601
1123
1009
8675
1910
8060
6158
6607
9102
4036
7987
9543
5786
9533
5007
3857
9460
9937
9763
1066
5662
5195
6832
8550
9527
9293
390
4142
1789
7892
3597
3282
2402
807
7659
2320
8573
3779
7998
8761
6290
3822
1994
8840
9336
3877
6289
2449
43
6439
6100
539
6254
3659
6487
8111
7037
2877
3584
8758
1977
7069
7652
9074
1677
5605
569
3845
6116
2817
6297
7973
1414
2220
8882
1164
5079
7991
3522
7941
6390
9718
34
2271
1969
1090
940
9142
6722
1247
6817
3922
1217
8797
8080
4993
8294
590
3561
3499
5261
5416
7533
7105
709
8062
7379
7452
4949
8121
8560
2852
3544
8582
3178
6178
3550
5753
4398
1867
845
5935
9623
9008
8422
5691
9865
5328
7045
6266
1335
5502
6832
2231
3711
4797
1744
8188
8430
380
9177
4352
5946
5499
4034
6994
2067
9917
6881
7674
4190
573
6701
5151
6764
9536
7034
6954
8258
9014
4437
2672
9221
5568
6382
5795
7607
2115
8179
3636
1586
2693
3314
3830
9058
9437
3567
873
6489
7272
8548
3998
9305
199
897
7707
3224
5791
6772
1581
1985
5519
5304
856
8422
3481
3933
7530
1304
786
4639
1853
9461
3647
6631
3579
8957
9047
15
2423
1095
364
7874
9700
2670
5888
443
5308
2478
8419
9486
362
3233
8450
749
6146
5201
3517
1463
9029
3975
331
1289
250
3129
8298
8224
3591
5800
4600
7971
6305
538
1319
9554
1796
8225
8209
3291
5117
5550
4526
4577
6696
5942
6952
525
739
1323
4534
7184
2953
4041
3293
938
6288
6500
9087
4079
3793
8632
5750
1450
4813
9448
8867
7451
7579
8272
8780
1002
905
73
5473
6493
432
8972
7011
1656
5837
2441
8277
1841
6584
9087
4404
1856
6534
3571
1331
2422
9853
5072
8507
2103
8255
7539
7102
7366
5618
4287
5619
4104
1270
4926
1738
2079
7147
5305
8967
6912
4416
2747
4182
5336
5513
2069
4844
8445
1757
6023
3408
8857
9902
3827
5062
512
8994
783
1515
8125
3461
6622
6227
3829
3650
2250
362
9184
358
79
4625
7527
176
7706
3450
1351
2278
4515
4964
2269
7864
2454
4650
1037
289
2823
4135
8425
4936
5409
8140
218
4511
9423
1635
4413
1450
7061
8354
5028
7381
9773
5894
9544
8012
651
9353
8316
1702
3163
584
7110
3996
3506
3139
5132
1586
3808
7733
8139
6568
23
3354
5670
3956
9693
8820
6611
3137
2403
5022
1507
1129
327
4736
9916
9576
973
5273
6424
3633
1315
9301
4488
4098
6927
2873
2220
6505
2654
4435
4417
9167
804
4716
6767
2273
7526
5474
8987
800
8248
138
7112
9226
3542
863
6026
1651
3503
7710
8821
107
1135
6882
957
4293
2689
559
2414
501
4301
7212
2027
5062
2676
9929
6123
558
8069
9301
2673
2360
8904
7566
8823
2188
4303
674
9767
2108
4516
6096
4862
5376
2685
9948
4968
7161
3477
5397
2538
9197
3712
718
7828
8504
8574
9590
6698
2750
5412
5718
6914
2918
2520
2822
1365
2926
194
1874
7159
4485
4907
506
1654
4295
149
2337
305
4130
8726
5872
9056
5234
6535
7815
8595
4615
6071
4645
2519
4096
5447
7181
9560
2744
1851
7604
6732
8340
7601
7656
7498
1862
586
158
339
5801
5413
2029
2971
6446
2694
9795
6121
1030
6054
8015
4755
1082
2360
5425
4182
2386
5442
2268
6275
8450
2589
8272
866
6659
6140
3733
5559
6536
2666
4669
7257
8048
2731
7887
9889
9819
6225
8087
3317
7456
36
4033
6716
5769
3964
8786
708
4186
4614
3372
9777
6313
8392
8018
281
1221
6595
5554
4652
8134
3627
6702
7267
2294
9860
1927
9007
1748
5895
6379
7825
1297
4242
2546
9692
1615
1542
8214
3150
6797
8575
4702
8439
4144
1796
1159
9722
7580
1336
889
9125
7093
5403
6591
3491
7652
1355
3546
103
8015
8431
7382
5212
3076
8683
7062
9035
5098
1739
403
6735
8345
6674
3234
9094
4496
5344
2461
7497
522
4509
2447
7765
2564
7222
4468
9004
8116
1350
9472
2580
98
4011
6358
1716
1403
4374
6250
703
3442
9029
827
4049
1427
9010
1012
2192
9732
1430
7757
3493
9437
9705
3793
4778
4998
6524
4971
7622
694
486
1134
7340
1508
5577
3157
1395
2245
5823
3776
4620
3664
2007
3255
5859
2447
3683
6061
8480
9023
4088
8735
4778
9002
8333
8312
4574
7447
7573
1973
711
2687
1542
9160
6931
4480
971
2661
4344
1782
6462
2799
7643
8887
824
5571
8071
8767
4789
8961
5440
4674
201
2763
3282
2977
886
5826
8555
722
2057
6923
3140
2411
7161
4140
1566
6342
9554
52
2213
7331
317
4395
9841
4801
5666
2257
9277
1081
6200
8625
2121
5325
8164
9913
3730
9776
8979
1673
7235
5679
9518
6602
2013
7454
1245
8063
198
8551
8864
1473
3258
5375
8616
5234
6685
8867
7438
9791
7526
4224
9471
98
1881
8505
6189
4116
9428
2744
4622
1885
9531
3772
30
3286
693
9110
7912
365
7439
7916
3104
9349
4918
418
7219
4298
4510
2645
6577
864
11
3863
4407
7024
5204
2773
4655
2764
3790
4754
2889
525
8748
8953
5928
8013
5715
977
7050
5630
3503
9812
78
1874
1474
9707
2548
8148
7022
1049
5087
7793
4291
5238
1523
8049
8443
2896
8423
3784
616
3827
7815
9072
2800
1649
7656
5144
9284
1298
2645
9207
5127
4408
3017
5277
1085
9724
934
6787
1982
3239
4006
3593
4455
969
6333
4127
2297
4613
5604
332
4248
2051
8512
7446
2899
3581
6785
2748
6035
6071
6910
8668
3396
556
1977
4022
926
3122
10
691
5139
5160
1387
718
9146
9012
1657
2062
7555
7767
3316
1436
5781
8408
5977
1930
7040
9722
6506
891
9018
5676
6981
8760
8932
3776
5031
9767
7659
6026
2646
6465
6668
8177
8520
9771
8645
360
6794
2175
4911
2264
3780
9682
8095
117
3260
9002
3356
1497
8994
9778
5235
8182
9536
1957
8839
8272
496
6925
1390
9504
6141
4924
8823
2049
8630
1217
6637
1388
9576
4546
1984
7370
6640
9350
8663
8147
1925
597
9317
5645
2139
5944
8942
2938
3538
8192
8315
7147
2033
1125
1848
1892
438
5952
9893
7092
7780
3996
3881
5079
9291
2362
2157
2379
6363
1210
3111
669
9081
6868
6810
3154
7991
9469
1862
7536
3772
6335
4669
8750
6137
440
3626
1728
3211
8852
1441
4461
5845
1853
7046
3433
6712
4294
7167
7060
8934
8311
6538
4928
8484
6390
951
9203
314
794
1743
5330
7686
3785
5251
292
8764
5513
6706
4661
2082
8406
1309
8467
1924
9347
5942
4050
6420
7005
424
712
2820
960
8423
9912
8990
2511
1852
9681
6384
3293
4689
7921
8513
9865
8080
7558
3158
4854
2753
207
9667
6135
3068
4618
4408
5308
8385
8797
4880
7982
5330
7054
8200
7044
7122
111
8793
7554
9356
6111
9016
2719
9915
2403
6569
1407
8608
4103
1976
5287
4988
2710
4285
7106
9036
9282
9281
6725
9048
3273
3987
5064
4837
1117
2293
3856
8267
1270
4856
411
314
3838
9423
2979
6159
2744
2746
2057
7807
5507
4087
7349
6831
7550
1199
7319
7099
3050
7747
5339
7626
6177
956
7971
1120
3202
3306
8877
3968
3716
317
2105
2212
1057
2412
5746
5920
5021
1581
719
5507
1745
2288
3805
4073
2428
6262
9215
1689
4144
1879
4218
4090
2696
9778
3076
3402
1954
4942
5667
1251
4875
2081
5109
2627
7183
5098
4042
4791
7385
1556
4839
9592
9508
5954
1461
9270
8097
9512
6309
2685
4640
3411
1544
4761
1388
7952
5627
1039
5890
1656
5805
2685
9167
7388
2094
7059
6835
5307
6581
2729
6581
8947
7565
8079
457
2810
2040
8997
5034
9493
2573
7674
3154
5001
3658
6703
7329
4490
7808
9991
7163
6690
1934
1770
5329
6851
3084
3681
8884
3522
7756
1162
9215
9235
7378
4229
5574
6227
6395
3007
4533
1873
1899
3094
3405
8465
2747
3254
2548
8652
9490
9585
5383
4771
3965
9703
7950
9217
728
8559
4402
9224
4713
4303
2893
304
9390
7346
4588
5163
235
5600
4957
4396
5675
2797
6644
9726
8558
7917
5845
6225
1902
1780
9900
8105
9238
6282
2447
9336
373
3547
8212
1903
914
237
1915
5634
9220
5518
276
9781
5398
3827
7985
3019
2650
2636
4905
3052
2381
3302
4500
6892
3342
8471
6877
4097
9720
3584
746
2607
1521
9056
3288
5758
9181
4076
2266
1929
5315
1769
707
226
2718
5506
8795
8726
7049
5931
7699
1512
5581
6220
9396
5087
5305
5827
9502
8193
7466
4579
1609
739
8139
686
6409
5681
4484
4585
3684
8632
3752
7191
7698
192
7800
8077
2129
5620
3969
3272
1629
3219
6706
484
4560
4208
2701
3749
9979
182
3497
1318
2997
8088
9933
2872
8448
6758
7250
6825
1511
5075
6285
5730
429
7795
1026
8655
494
9248
7346
259
1003
7437
1748
2635
172
8141
1829
5726
4399
464
1910
6950
6341
3062
1559
4881
6196
7564
1868
7685
9042
3424
7020
8917
5822
3038
2638
8798
126
8882
3347
7133
4345
3487
7627
7040
1083
2468
3663
7091
5954
5521
471
8742
7333
1784
9326
5190
1335
353
2532
5490
3997
8354
1997
357
734
8388
1914
7212
5835
8306
2974
4118
3773
9829
9933
6931
8866
4669
7899
5715
8498
9091
1203
1045
1593
8071
1213
3417
8563
9655
3061
1159
7558
8899
2760
7382
7271
9999
792
1774
4327
7178
6070
7588
9371
2056
8427
2945
8109
8426
4586
5635
3620
4644
7326
668
2766
9944
3739
5648
5795
8403
3827
7961
7397
6077
4812
1776
7842
8776
3874
9303
3948
2149
3889
535
1526
731
8973
1956
1518
2875
121
9667
679
6450
5637
3895
9168
9978
9162
7329
5609
7326
8120
4478
3077
26
5893
7906
4628
3107
7665
1076
6234
2705
369
9215
3036
3550
2249
6726
9484
8619
2490
9646
5331
990
6188
8354
5814
5668
8271
730
1937
6258
2973
7542
6606
1438
2181
5590
1124
4689
2139
5052
7041
1663
9835
2181
7794
5382
184
4768
7629
5853
1390
7217
1721
6252
2357
1075
6373
8800
8537
94
1623
4740
2683
3937
2072
7338
9206
3731
8149
9331
3707
5223
6535
4036
4605
323
4625
9600
3530
7840
4529
7583
5457
2161
9920
7384
267
5646
6227
109
672
750
5064
7394
6781
5383
9830
1146
7887
1869
8583
9722
9202
33
95
672
5090
7167
1034
3608
6648
1528
4820
4722
3084
3633
1334
2665
6320
7818
9246
9337
8732
8007
1501
930
2848
1287
8902
2083
5383
3682
3894
3709
1290
8491
2764
9779
9619
949
9706
6819
9948
7086
2956
5952
9196
2859
1707
141
6982
8427
1784
9752
4792
4343
5852
730
3482
9100
967
2356
8205
9810
8547
3208
4300
479
6787
8637
1947
5693
5058
3301
8000
5956
8894
6970
3144
6849
9537
892
8729
7079
8487
2874
1556
6411
3850
9195
3816
3810
7044
7509
4058
7161
1643
4596
1493
4999
9223
4485
2679
905
9997
8517
9845
4310
6044
1137
1854
3458
1715
5184
7582
5761
9703
7490
9651
2973
5736
8883
8699
5683
1578
5177
1888
7579
1583
4294
8571
8756
844
6795
7228
9352
9234
791
6847
7342
8520
5648
9752
8993